
_________________________________________________________________
| Lần lặp  |        Nghiệm x         |          f(x)           |
_________________________________________________________________
|    1     |           0.5           |         0.00125         |
|    2     |        0.500625         |         4.7e-06         |
|    3     |        0.5006273        |           0.0           |
|    4     |        0.5006274        |           0.0           |
|    5     |        0.5006274        |           0.0           |
|    6     |        0.5006274        |           0.0           |
|    7     |        0.5006274        |           0.0           |
_________________________________________________________________