Ma trận A:
10.00 -7.00 0.00 1.00 2.00 3.00 5.00
-3.00 2.00 -3.00 0.00 -5.00 4.00 9.00
5.00 1.00 14.00 3.00 7.00 2.00 -4.00
0.00 -2.00 3.00 13.00 -1.00 2.00 1.00
6.00 0.00 -2.00 3.00 15.00 2.00 5.00
4.00 5.00 3.00 -1.00 3.00 18.00 1.00
2.00 1.00 6.00 4.00 3.00 2.00 11.00

Ma trận L (tam giác dưới):
1.00 0.00 0.00 0.00 0.00 0.00 0.00
-0.30 1.00 0.00 0.00 0.00 0.00 0.00
0.50 -45.00 1.00 0.00 0.00 0.00 0.00
0.00 20.00 -0.52 1.00 0.00 0.00 0.00
0.60 -42.00 1.06 -0.13 1.00 0.00 0.00
0.40 -78.00 1.91 -0.56 0.60 1.00 0.00
0.20 -24.00 0.55 0.15 0.12 -0.45 1.00

Ma trận U (tam giác trên):
10.00 -7.00 0.00 1.00 2.00 3.00 5.00
0.00 -0.10 -3.00 0.30 -4.40 4.90 10.50
0.00 0.00 -121.00 16.00 -192.00 221.00 466.00
0.00 0.00 0.00 15.33 -12.97 19.07 33.63
0.00 0.00 0.00 0.00 30.48 -25.39 -45.73
0.00 -0.00 0.00 0.00 0.00 2.98 -25.41
0.00 0.00 0.00 0.00 0.00 0.00 -3.05

Vector B:
1.00
2.00
3.00
4.00
5.00
7.00
7.00

Nghiệm của hệ phương trình AX = B:
16.21
18.64
-3.89
4.60
-6.54
-6.36
-0.62
